# MJD             m          dm
58246.4171181 20.0845222 0.139318511
58247.4384028 19.9733791 0.132299125
58256.480463 20.0491257 0.137130678
58273.3896181 19.9748402 0.132393882
58284.3132523 19.6181393 0.108857952
58336.2089931 19.8614616 0.124933682
58338.1894444 19.7988319 0.120765254
58348.1980324 20.0071011 0.13447161
58593.4385764 19.6857548 0.113271579
58607.4816667 19.7960415 0.120579451
58608.4810185 19.7166214 0.115306735
58636.3345255 19.4923477 0.10087131
58636.3349769 19.6040668 0.107948631
58636.3354282 19.6211205 0.109051049
58636.3358796 19.9147091 0.128459916
58636.336331 19.5642185 0.105394006
58636.3367824 19.5659409 0.105503775
58636.3372338 19.4777946 0.0999701172
58636.3376852 19.7201405 0.115539417
58636.3381366 19.5931206 0.107243858
58636.338588 19.6648331 0.111898772
58636.3390394 19.7594624 0.11814633
58636.3394907 19.6653881 0.111935049
58636.3399421 19.8756809 0.125877902
58636.3403935 19.8022766 0.12099465
58636.3408333 19.7573242 0.118004277
58636.3412963 19.6619053 0.111707099
58636.3417477 19.7145214 0.115167931
58636.3421991 19.5679646 0.105632871
58636.3426505 19.7348824 0.116515286
58636.3431019 19.7871857 0.119990021
58636.3435417 19.7285805 0.116097897
58636.3439931 19.6318245 0.109745555
58636.344456 19.5886669 0.106957726
58636.3448958 19.6780014 0.112762131
58636.3453588 19.7485504 0.117421731
58636.3458102 19.5826569 0.106572211
58636.3462616 19.7362347 0.116604939
58636.346713 19.7217541 0.115646154
58636.3471644 19.6290321 0.109564215
58636.3480671 19.6692123 0.112185575
58636.3485185 19.7087975 0.114789903
58636.3489699 19.6563225 0.111342035
58636.3494213 19.5434494 0.104075283
58636.3498727 19.4478912 0.0981348604
58636.3503241 19.8053551 0.121199608
58636.3507755 19.4744987 0.0997667089
58636.3512269 19.5256176 0.102950439
58636.3516782 19.5514793 0.104584061
58636.3521296 19.5603676 0.105148815
58636.352581 19.7576218 0.118024066
58636.3530324 19.6731701 0.112445079
58636.3534838 19.6837025 0.113136694
58636.3539352 19.4908066 0.100775607
58636.3543866 19.6675911 0.112079352
58636.354838 19.5093594 0.101931185
58636.3552894 19.7188015 0.115450889
58636.3557407 19.6080971 0.108208701
58636.3561921 19.6273155 0.109452784
58636.3566435 19.6246109 0.109277301
58636.3571065 19.6248856 0.1092951
58636.3575579 19.8778229 0.126020014
58636.3579977 19.6080761 0.108207405
58636.3584491 19.6570759 0.111391291
58636.358912 19.7252941 0.11588034
58636.3593519 19.5960083 0.107429549
58636.3598032 19.7801723 0.119523257
58636.3602546 19.5578671 0.104989745
58636.360706 19.7594566 0.118145943
58636.3611574 19.6657619 0.111959562
58636.3616088 19.6012707 0.107768424
58636.3620602 19.6958294 0.113934636
58636.3625116 19.6665115 0.112008668
58636.362963 19.7520199 0.117651999
58636.3634144 19.5957451 0.107412681
58636.3638657 19.5612621 0.105205722
58636.3643171 19.6514053 0.111020848
58636.3647685 19.5934639 0.107265919
58636.3652199 19.716814 0.115319505
58636.3656713 19.736105 0.116596341
58636.3661227 19.6341324 0.109895535
58636.3665741 19.7146416 0.115175866
58636.3670255 19.6090374 0.108269431
58636.3674769 19.638485 0.110178635
58636.3679282 19.6301994 0.10964001
58636.3683796 19.916851 0.128601119
58636.368831 19.6817741 0.113009959
58636.3692824 19.637989 0.110146359
58636.3697338 19.561882 0.105245188
58636.3701852 19.8163776 0.121933699
58636.3706366 19.7317009 0.116304584
58636.3715509 19.697485 0.114043735
58636.3724537 19.532793 0.103402257
58636.3729051 19.635891 0.110009864
58636.3733565 19.6097202 0.10831356
58636.3738079 19.3826332 0.0942111909
58636.3742593 19.5465527 0.10427171
58636.3747106 19.6037426 0.107927717
58636.375162 19.7956829 0.120555639
58636.3756134 19.4931221 0.100919358
58636.3760648 19.6198673 0.108969882
58636.3765162 19.6610756 0.111652821
58636.3769676 19.6013947 0.107776411
58636.377419 19.6250153 0.109303527
58636.3778704 19.5712395 0.105841875
58636.3783218 19.5609741 0.105187446
58636.3787616 19.6792507 0.112844184
58636.3792245 19.5885887 0.106952675
58636.3796759 19.6638699 0.111835696
58636.3801273 19.5179939 0.102471747
58636.3805787 19.6314106 0.10971868
58636.3810301 19.6729107 0.112428114
58636.3814815 19.844059 0.123776443
58636.3819329 19.7155113 0.115233384
58636.3823843 19.6571426 0.111395657
58636.3828356 19.6843109 0.113176659
58636.383287 19.7099342 0.114864916
58636.3837384 19.795805 0.120563738
58636.3841898 19.6438732 0.110529535
58636.3846412 19.6751194 0.112573013
58636.3850926 19.6571522 0.111396268
58636.385544 19.678009 0.112762697
58636.3859954 19.6820984 0.113031246
58636.3864468 19.7126694 0.1150456
58636.3868981 19.7085171 0.114771403
58636.3873495 19.9430847 0.130324602
58636.3878009 19.6993198 0.114164628
58636.3882523 19.8173161 0.121996164
58636.3887037 19.6824875 0.113056801
58636.3891551 19.7764606 0.11927636
58636.3896065 19.6547241 0.111237578
58636.3900579 19.7547188 0.117831185
58636.3905093 19.6548367 0.111244902
58636.3909606 19.7281704 0.116070762
58636.391412 19.7972412 0.120659381
58636.3918634 19.4562111 0.0986431837
58636.3923148 19.5644207 0.105406903
58636.3927662 19.5890312 0.106981143
58636.3932176 19.6576538 0.111429006
58636.393669 19.6930237 0.113749892
58636.3941204 19.7004948 0.114242129
58636.3945718 19.6820107 0.113025464
58636.3950231 19.6655998 0.111948937
58636.3954745 19.7163429 0.115288287
58636.3959259 19.571394 0.105851687
58636.3963773 19.5996113 0.107661508
58636.3968287 19.9065628 0.127922356
58636.3972801 19.6113777 0.10842061
58636.3977315 19.4825096 0.100261502
58636.3981829 19.7759323 0.119241238
58636.3986343 19.7975597 0.120680571
58647.2927778 19.9103985 0.128175601
58654.3459491 19.5677719 0.105620548
58674.2458681 19.6653137 0.111930221
58674.2463194 19.9670811 0.131890267
58674.2635417 19.6549644 0.111253254
58674.2932639 19.478754 0.10002929
58674.2937153 19.6594944 0.111549348
58685.2140278 19.7056522 0.11458227
58685.2144792 19.7061462 0.114614904
58685.2558102 19.5722733 0.105907887
58685.2629282 19.4693031 0.0994466171
58685.2786111 19.686512 0.113321371
58685.2790625 19.4123669 0.095984742
58686.2149653 19.6139374 0.108586065
58686.2154167 19.6782627 0.112779275
58686.2228125 19.5042877 0.101614513
58686.2242361 19.5076523 0.101824515
58686.2246875 19.7089882 0.11480251
58686.2328241 19.6165352 0.108754188
58686.2359838 19.4442291 0.0979116783
58686.2473958 19.5811234 0.10647399
58686.2500694 19.7387638 0.116772555
58686.2667824 19.5761452 0.106155336
58686.2690625 19.561079 0.105194114
58686.2695139 19.9885807 0.13328214
58686.2933796 20.0448532 0.136863157
58688.2154861 19.5959396 0.107425183
58688.2159375 19.800457 0.120873436
58688.2388773 19.5643044 0.105399467
58688.2433565 19.7091312 0.114811942
58688.2506366 19.8097019 0.12148913
58688.2550116 19.5664368 0.105535403
58688.2576736 19.7426624 0.117031097
58688.2896875 19.6607361 0.111630604
58688.2901389 19.4252357 0.0967597514
58690.2122106 19.7704391 0.118875913
58690.2222106 19.6723862 0.112393707
58690.2277083 19.7903385 0.1201998
58690.2319792 19.5959873 0.107428238
58690.2336227 19.5693588 0.105721787
58690.2375231 19.6564598 0.111351013
58690.2384375 19.5070953 0.10178975
58690.2462384 19.5473232 0.104320511
58690.257338 19.6610165 0.11164894
58690.2700347 19.7014198 0.114303112
58690.2704861 19.4341011 0.0972962603
58691.2376852 19.4347076 0.0973330587
58691.2381366 19.6633034 0.111798637
58691.2447454 19.6142654 0.108607337
58691.2537037 19.7229004 0.115721941
58691.2614236 19.809021 0.121443719
58691.262338 19.7392426 0.116804317
58691.2634144 19.6761513 0.112640686
58691.2906944 19.6273575 0.109455481
58691.2911458 19.4614525 0.098964341
58692.2344329 19.7738419 0.11910218
58692.2348843 19.6245022 0.109270275
58692.2433681 19.5063496 0.101743139
58692.253125 19.6752911 0.1125843
58692.2657523 19.5331345 0.103423759
58692.2766088 19.7658958 0.1185738
58692.2805208 19.800972 0.120907746
58692.2922222 19.7967892 0.120629303
58692.2926736 19.6803799 0.112918317
58694.2409028 19.5066948 0.101764724
58694.2947569 20.192627 0.145594463
58696.1933449 19.6459007 0.1106617
58696.1937963 19.5994854 0.107653379
58696.2045718 19.614996 0.108654544
58696.2060185 19.6734734 0.112465017
58696.2130093 19.8072548 0.121326141
58696.2160417 19.6070404 0.108140536
58696.2248032 19.5537109 0.104725689
58696.228287 19.6094627 0.108296923
58696.2287384 19.8310814 0.122912705
58696.2359606 19.4436607 0.097877048
58696.249838 19.730711 0.116238967
58697.2363542 19.7839375 0.119773813
58697.2368056 19.7689056 0.118773893
58697.2458912 19.777153 0.119322434
58697.2483449 19.6573544 0.111409433
58697.2498843 19.6154461 0.108683668
58697.2652083 19.741148 0.116930619
58697.2681597 19.621666 0.109086446
58697.2710995 19.7384453 0.116751447
58697.2793866 19.5124245 0.102122866
58697.2884028 19.7788029 0.119432181
58697.2888542 19.791256 0.120260894
58699.2153472 19.5429668 0.104044735
58699.2327778 19.534874 0.103533454
58699.2381134 19.5391769 0.10380514
58699.2411227 19.8671455 0.125311285
58699.2525116 19.9291801 0.129412457
58699.2529745 19.7013359 0.114297621
58699.2615625 19.6990871 0.114149317
58699.2635069 19.5949631 0.107362375
58699.2682407 19.6414871 0.11037413
58699.2687037 19.4479408 0.0981378481
58700.1909028 19.5723495 0.105912745
58700.1913542 19.5119419 0.102092654
58700.2112037 19.5218239 0.102712095
58700.2123032 19.4695454 0.0994615778
58700.2167245 19.8068619 0.12129996
58700.2312037 19.4516983 0.0983671993
58700.2341204 19.4565506 0.0986639783
58700.2364699 19.6865425 0.11332339
58700.2393981 19.654417 0.111217484
58700.247662 19.453434 0.0984732658
58700.2481134 19.6156712 0.108698249
58701.2361343 19.569561 0.105734706
58701.2383565 19.5448933 0.104166642
58701.2573264 19.672945 0.112430371
58701.2613542 19.7219696 0.11566034
58701.2623264 19.7077274 0.114719242
58701.2680556 19.6193199 0.108934447
58701.2685069 20.029707 0.135909393
58703.2267245 19.4431648 0.0978468657
58703.2271759 19.5369167 0.103662394
58703.2335532 19.6914635 0.113647163
58703.2446528 19.7661724 0.118592188
58703.2510069 19.4307747 0.0970946774
58703.2625926 19.5765305 0.106179975
58715.188912 19.6329365 0.10981781
58715.2002315 19.9188404 0.128732204
58715.214213 19.8073158 0.121330217
58715.2342708 20.0601406 0.137817129
58715.2347338 19.651535 0.111029342
58723.2059491 19.6324577 0.109786674
58723.2064005 19.7330914 0.116396666
58724.1914815 19.6042156 0.107958242
58724.1919444 19.6484756 0.110829644
58987.4874537 19.9238224 0.129060179
58991.4847685 19.7547722 0.117834762
58999.3342014 19.8429985 0.123705909
59011.354375 19.6003399 0.107708454
59041.2509954 19.7497826 0.117503531
59043.2682755 19.6698151 0.112225115
59045.2095602 19.6833229 0.113111719
59047.3147685 19.7093506 0.114826441
59067.2730671 19.7419472 0.116983667
59071.1898495 20.4540558 0.156224102
59073.1884259 19.7560616 0.117920429
59077.1466551 19.5791569 0.106348023
59081.1686458 19.6167355 0.108767129
59085.1693866 19.7763863 0.119271368
59323.4807407 18.3033943 0.0478415601
59329.4389352 18.4121685 0.0510118939
59336.4604282 18.3388844 0.0488442406
59339.4597801 18.2970238 0.0476647541
59341.4188194 18.3690872 0.0497215278
59349.4396412 17.998085 0.040379785
59358.3553819 19.3464508 0.0920863375
59363.3889931 19.2123775 0.0845482722
59366.3791782 19.0810261 0.0777002051
59368.3978125 19.1466789 0.0810553282
59376.3135648 19.2420673 0.0861706808
59378.3136921 19.1369133 0.0805476606
59380.354838 19.2059593 0.0842011124
59382.3345139 19.1428528 0.0808560401
59384.318125 19.1371517 0.0805600137
59386.3602662 19.5301971 0.103238657
59393.3776389 19.1014233 0.0787279755
59397.354919 19.1145611 0.0793969482
59402.2513889 19.2927475 0.0890023112
59404.2935417 19.2652054 0.0874538347
59407.2938889 19.2317696 0.0856048912
59409.2737269 19.0348549 0.0754223391
59411.231169 19.1724453 0.0824091285
59414.2737963 19.1030655 0.0788113251
59427.2098264 19.3732967 0.0936593637
59429.2383565 19.1856556 0.083111316
59434.1887269 19.2061005 0.0842087045
59436.2115741 19.2703915 0.0877436325
59450.1705787 19.1545143 0.08146476
59452.2105208 19.0007496 0.0737830028
59463.1488657 19.1071014 0.0790164769
59465.1693056 19.0637798 0.0768414736
59467.1467477 19.2873459 0.0886968374
59469.1696759 19.0817337 0.0777356774
59698.4605556 19.9683914 0.131975397
59700.4183449 19.8636513 0.125079185
59719.4198495 19.5709667 0.105824426
59723.4401273 19.7636185 0.118422471
59725.3975694 19.6763897 0.112656333
59727.3771065 19.6580162 0.111452684
59735.3772338 19.4847584 0.100400642
59738.4197569 19.6109753 0.108394653
59740.3348264 19.5050449 0.101661749
59751.3755903 19.6791363 0.112836652
59753.3351968 19.5973434 0.107515469
59756.3358449 19.5764027 0.106171817
59760.2929051 19.5084 0.101871207
59764.2928588 19.6435223 0.110506698
59775.3371065 19.5159454 0.10234338
59782.2518171 19.8636818 0.125081167
59786.2728125 19.2860489 0.0886236206
59797.2161343 19.5695934 0.105736777
59803.1725231 19.354496 0.0925556123
59806.1906366 19.5765629 0.106182046
59808.2200347 19.6214638 0.109073289
59810.1729398 19.4952316 0.101050489
59815.1693171 19.7411041 0.11692778
59817.1994097 19.5275841 0.103074163
59823.1538542 20.0944901 0.139924645
